7C E5 A1 E6 50 1B EC 01 20 37 66 BA 73 3A 4A 18 E7 9C 87 41 E2 22 ED C0 37 57 56 B9 42 79 C7 B4 69 22 02 56 C3 84 FB 54 63 E2 B8 50 49 97 0E 3A 2F 5F 4D 25 5F A3 D0 F9 0E D6 61 A6 5D BB 1F 7D


01111100
11100101
10100001
11100110
01010000
00011011
11101100
00000001
00100000
00110111
01100110
10111010
01110011
00111010
01001010
00011000
11100111
10011100
10000111
01000001
11100010
00100010
11101101
11000000
00110111
01010111
01010110
10111001
01000010
01111001
11000111
10110100
01101001
00100010
00000010
01010110
11000011
10000100
11111011
01010100
01100011
11100010
10111000
01010000
01001001
10010111
00001110
00111010
00101111
01011111
01001101
00100101
01011111
10100011
11010000
11111001
00001110
11010110
01100001
10100110
01011101
10111011
00011111
01111101
11110001
01000011
01101100
11110110
10001111
10100010
11100111
11000001
10101010
10110100
00110101
00010010
00110001
01100001
01011011
00001111
01111010
10010001
11110100
01101101
11110010
00100011
00110011
11000111
00001001
10001000
00001100
00111111
10101000
01001010
01111001
10011111
11100011
00100010
00011000
10001000
11110011
11110011
11100010
00110110
10110110
10111101
10010110
00111001
01111111
01101001
10010111
11100010
00111010
01010111
11011000
11001001
10000010
11100111
11010011
01011011
00110100
10010110
00101111
00101000
00001111
10110110
00110010
10110001
01101000
10001100
00100010
01011101
00010011
00000101
01101010
01101100
00100010
01101000
11001010
00100100
00100101
01100010
11001011
11100011
01010110
11011001
00000011
11110110
11101101
10101101
11011110
01111101
00000100
00111110
01011101
10000100
11001010
01111010
00111100
00101010
11011000
11011001
10100101
00100101
10100111
01100011
00100110
01111010
11101000
01100100
00101010
10010101
00111111
00011001
01101001
10101100
11001001
10111101
01101010
00010110
11111011
10110010
00101010
00010010
01010110
10000011
01000100
01011000
10101110
11100011
11110000
11110100
11110110
11011110
10000111
10110101
01101000
01011111
11111101
11110011
01111100
11100101
10100001
11100110
01010000
00011011
11101100
00000001
00100000
00110111
01100110
10111010
01110011
00111010
01001010
00011000
11100111
10011100
10000111
01000001
11100010
00100010
11101101
11000000
00110111
01010111
01010110
10111001
01000010
01111001
11000111
10110100
01101001
00100010
00000010
01010110
11000011
10000100
11111011
01010100
01100011
11100010
10111000
01010000
01001001
10010111
00001110
00111010
00101111
01011111
01001101
00100101
01011111
10100011
11010000
11111001
00001110
11010110
01100001
10100110
01011101
10111011
00011111
01111101
